7
255 253 188
229 226 172
204 201 150
237 234 177
154 158 110
161 165 116
169 173 121

4 4
56 0
4 1

4 4
4 0
8 3
8 1
12 3
8 1
4 3
12 1
4 2

4 4
4 0
4 3
4 1
8 3
4 1
16 3
4 1
8 3
4 1
4 2

4 4
4 0
4 3
8 1
4 3
4 1
4 3
4 1
16 3
8 1
4 2

4 4
4 0
20 1
8 3
4 1
4 3
4 1
8 3
4 1
4 2

4 4
4 0
20 3
8 1
24 3
4 2

4 4
4 1
56 2

4 4
8 5
16 6
4 4
16 5
16 4

28 0
4 1
4 4
28 0

4 3
4 1
4 3
16 1
4 2
4 4
4 0
8 1
12 3
4 1

4 1
4 3
8 1
4 3
8 1
4 2
4 5
4 0
4 1
8 3
12 1

4 1
4 3
4 1
4 3
12 1
4 2
4 6
4 0
8 1
8 3
4 1
4 3

8 3
4 1
4 3
4 1
8 3
4 2
4 6
4 0
12 3
4 1
8 3

4 1
4 3
4 1
4 3
4 1
4 3
4 1
4 2
4 6
4 0
4 1
4 3
4 1
8 3
4 1

32 2
4 6
4 1
24 2

4 5
16 6
16 5
20 6
8 5