anotha one
0 0

1
1 1
20 0 0
wooden_sword wooden_sword wooden_sword wooden_sword wooden_sword



11 11

1 1
2 1

1
9 9 1 1 1

1
4 4 0 0 0 1

1
0



11 11

1 1
2 1

1
9 9 1 1 0

1
5 4 0 0 0 1

1
0



11 11

1 1
2 1

1
9 9 1 1 0

6
4 4 0 0 0 1
5 4 0 0 0 1
6 4 0 0 0 1
4 6 0 0 0 1
5 6 0 0 0 1
6 6 0 0 0 1

1
0



11 11

1 1
2 1

1
9 9 1 1 0

6
4 4 0 0 0 1
5 4 0 0 0 1
6 4 0 0 0 1
4 6 0 0 0 1
5 6 0 0 0 1
6 6 0 0 0 1

1
0



11 11

1 1
2 1

1
9 9 1 1 0

6
4 4 0 0 0 1
5 4 0 0 0 1
6 4 0 0 0 1
4 6 0 0 0 1
5 6 0 0 0 1
6 6 0 0 0 1

1
0



11 11

1 1
2 1

1
9 9 1 1 0

6
4 4 0 0 0 1
5 4 0 0 0 1
6 4 0 0 0 1
4 6 0 0 0 1
5 6 0 0 0 1
6 6 0 0 0 1

1
0



11 11

1 1
2 1

1
9 9 1 1 0

6
4 4 0 0 0 1
5 4 0 0 0 1
6 4 0 0 0 1
4 6 0 0 0 1
5 6 0 0 0 1
6 6 0 0 0 1

1
0



11 11

1 1
2 1

1
9 9 1 1 0

6
4 4 0 0 0 1
5 4 0 0 0 1
6 4 0 0 0 1
4 6 0 0 0 1
5 6 0 0 0 1
6 6 0 0 0 1

1
0



11 11

1 1
2 1

1
9 9 1 1 0

6
4 4 0 0 0 1
5 4 0 0 0 1
6 4 0 0 0 1
4 6 0 0 0 1
5 6 0 0 0 1
6 6 0 0 0 1

1
0



11 11

1 1
2 1

1
9 9 1 1 0

6
4 4 0 0 0 1
5 4 0 0 0 1
6 4 0 0 0 1
4 6 0 0 0 1
5 6 0 0 0 1
6 6 0 0 0 1

1
0



11 11

1 1
2 1

1
9 9 1 1 0

6
4 4 0 0 0 1
5 4 0 0 0 1
6 4 0 0 0 1
4 6 0 0 0 1
5 6 0 0 0 1
6 6 0 0 0 1

1
0



11 11

1 1
2 1

1
9 9 1 1 0

6
4 4 0 0 0 1
5 4 0 0 0 1
6 4 0 0 0 1
4 6 0 0 0 1
5 6 0 0 0 1
6 6 0 0 0 1

1
0
