brick

64 64

7
255 253 188
229 226 172
204 201 150
237 234 177
154 158 110
161 165 116
169 173 121

3
4 4 0
56 0 0
4 1 0

9
4 4 0
4 0 0
8 3 0
8 1 0
12 3 0
8 1 0
4 3 0
12 1 0
4 2 0

11
4 4 0
4 0 0
4 3 0
4 1 0
8 3 0
4 1 0
16 3 0
4 1 0
8 3 0
4 1 0
4 2 0

11
4 4 0
4 0 0
4 3 0
8 1 0
4 3 0
4 1 0
4 3 0
4 1 0
16 3 0
8 1 0
4 2 0

10
4 4 0
4 0 0
20 1 0
8 3 0
4 1 0
4 3 0
4 1 0
8 3 0
4 1 0
4 2 0

6
4 4 0
4 0 0
20 3 0
8 1 0
24 3 0
4 2 0

3
4 4 0
4 1 0
56 2 0

6
4 4 0
8 5 0
16 6 0
4 4 0
16 5 0
16 4 0

4
28 0 0
4 1 0
4 4 0
28 0 0

10
4 3 0
4 1 0
4 3 0
16 1 0
4 2 0
4 4 0
4 0 0
8 1 0
12 3 0
4 1 0

11
4 1 0
4 3 0
8 1 0
4 3 0
8 1 0
4 2 0
4 5 0
4 0 0
4 1 0
8 3 0
12 1 0

12
4 1 0
4 3 0
4 1 0
4 3 0
12 1 0
4 2 0
4 6 0
4 0 0
8 1 0
8 3 0
4 1 0
4 3 0

11
8 3 0
4 1 0
4 3 0
4 1 0
8 3 0
4 2 0
4 6 0
4 0 0
12 3 0
4 1 0
8 3 0

15
4 1 0
4 3 0
4 1 0
4 3 0
4 1 0
4 3 0
4 1 0
4 2 0
4 6 0
4 0 0
4 1 0
4 3 0
4 1 0
8 3 0
4 1 0

4
32 2 0
4 6 0
4 1 0
24 2 0

5
4 5 0
16 6 0
16 5 0
20 6 0
8 5 0